 -1.49527105
 -0.79611576
 -0.71501070
 -0.60547755
 -0.37303889
  0.19822757
  0.21493467
  0.21881184
  0.22377647
  0.42871705
  0.45916206
  0.62226600
  0.63207291
  0.90537652
  0.92277281
  1.02340514
  1.19957028
  1.21667911
  1.22899949
  1.23246483
  1.24765749
  1.25444079
  1.28479071
  1.29580797
  1.36033396
  1.48847229
  1.55419560
  1.55831088
  1.66180706
  1.70102703
  1.80320916
  1.84243457
  1.87611885
  1.88399467
  1.93200991
  2.03525656
  2.10702717
  2.13373389
  2.14013480
  2.17002107
  2.21128603
  2.22436479
  2.26675624
  2.27189130
  2.29311639
  2.29909879
  2.31419211
  2.35007017
  2.36917255
  2.45906915
  2.46653936
  2.53148221
  2.54340856
  2.55518377
  2.59170065
  2.71474442
  2.71836990
  2.71915679
  2.74843455
  2.79661420
  2.85863461
  2.90181007
  2.90699168
  2.96608785
  2.97356711
  2.97745121
  3.00950848
  3.01722093
  3.05781603
  3.05979326
  3.13025972
  3.13611328
  3.13924556
  3.17004798
  3.17758745
  3.23260001
  3.29927993
  3.30746157
  3.32603975
  3.36601554
  3.37387864
  3.38577371
  3.39296527
  3.41263916
  3.46695867
  3.53624013
  3.54794157
  3.56595696
  3.57870347
  3.62339701
  3.62356215
  3.64710747
  3.67785793
  3.70122668
  3.72905816
  3.74131862
  3.75640938
  3.78324782
  3.78469479
  3.88225252
  3.89274879
  3.91443122
  3.93836474
  3.97317034
  3.97469074
  3.98260906
  3.98962312
  3.99877431
  4.00552461
  4.01425824
  4.03707691
  4.04304403
  4.09661416
  4.10804669
  4.14727660
  4.19597919
  4.19758377
  4.25493085
  4.25875220
  4.26146637
  4.28470992
  4.33895325
  4.36506331
  4.41544998
  4.49351539
  4.54597365
  4.55025094
  4.58117898
  4.59382006
  4.68554934
  4.72518865
  4.78939542
  4.87248565
  4.88063151
  4.88081433
  4.88369673
  4.96021034
  5.01087743
  5.03313651
  5.08165135
