 -1.50000000,   0.00000000,   0.00000000
 -1.40953893,  -0.51303021,   1.00000000
 -1.14906666,  -0.96418141,   2.00000000
 -0.75000000,  -1.29903811,   3.00000000
 -0.26047227,  -1.47721163,   4.00000000
 -0.50000000,   0.00000000,   0.00000000
 -0.46984631,  -0.17101007,   1.00000000
 -0.38302222,  -0.32139380,   2.00000000
 -0.25000000,  -0.43301270,   3.00000000
 -0.08682409,  -0.49240388,   4.00000000
  0.50000000,   0.00000000,   0.00000000
  0.46984631,   0.17101007,   1.00000000
  0.38302222,   0.32139380,   2.00000000
  0.25000000,   0.43301270,   3.00000000
  0.08682409,   0.49240388,   4.00000000
  1.50000000,   0.00000000,   0.00000000
  1.40953893,   0.51303021,   1.00000000
  1.14906666,   0.96418141,   2.00000000
  0.75000000,   1.29903811,   3.00000000
  0.26047227,   1.47721163,   4.00000000
